	Countries	2000	2001	2002	2003	2004	2005	2006	2007	2008	2009	2010	2011	2012	2013	2014	2015	2016	2017	2018
0	Algeria	0	0	0	0	0	0	0	0	0	0	0	0	0	0	0	0	0	0	0
1	Angola	9510	9,473	14,434	38,598	12,459	13,768	10,220	9,812	9,465	10,530	8,114	6,909	5,736	7,300	5,714	7,832	15,997	13,967	11,814
2	Benin	0	0	0	0	0	0	1,226	1,290	0	1,375	0	1,753	2,261	2,288	1,869	1,416	1,646	2,182	2,138
3	Botswana	0	0	0	0	0	0	0	0	0	0	0	0	0	0	0	0	0	0	0
4	Burkina Faso	0	4,233	4,032	4,860	4,205	5,224	8,083	6,472	7,834	7,982	9,024	7,001	7,963	6,294	5,632	5,379	3,974	4,144	4,294
5	Burundi	0	0	0	0	0	0	0	0	0	1,183	2,677	2,233	2,263	3,411	2,974	3,799	5,853	4,414	2,481
6	Cabo Verde	0	0	0	0	0	0	0	0	0	0	0	0	0	0	0	0	0	0	0
7	Cameroon	0	0	0	0	0	0	0	1,811	7,673	4,943	4,536	3,808	3,209	4,349	4,398	3,440	2,639	3,195	3,256
8	Central African Republic	0	0	0	0	0	0	0	0	0	0	0	0	1,442	1,026	0	1,763	2,668	3,689	1,292
9	Chad	0	0	0	1,021	0	0	0	0	1,018	0	0	1,220	1,359	1,881	1,720	1,572	1,686	2,088	1,948
10	Comoros	0	0	0	0	0	0	0	0	0	0	0	0	0	0	0	0	0	0	0
11	Congo	0	0	0	0	0	0	0	0	0	0	0	0	0	2,870	0	0	0	0	0
12	Cote D'Ivoire	0	0	0	0	0	0	0	0	1,249	18,156	1,023	1,389	1,534	3,261	4,069	2,604	3,340	3,222	3,133
13	Democratic Republic of the Congo	3856	0	2,152	0	13,613	15,322	12,970	14,372	17,940	21,168	23,476	23,748	21,601	30,918	25,502	39,054	33,997	27,458	18,030
14	Equatorial Guinea	0	0	0	0	0	0	0	0	0	0	0	0	0	0	0	0	0	0	0
15	Eritrea	0	0	0	0	0	0	0	0	0	0	0	0	0	0	0	0	0	0	0
16	Eswatini	0	0	0	0	0	0	0	0	0	0	0	0	0	0	0	0	0	0	0
17	Ethiopia	0	1,681	1,607	2,138	3,327	1,086	1,357	0	1,169	1,121	1,581	0	1,621	0	0	0	0	0	0
18	Gabon	2016	1,693	1,141	0	0	0	0	0	0	0	0	0	0	0	0	0	0	0	0
19	Gambia	0	0	0	0	0	0	0	0	0	0	0	0	0	0	0	0	0	0	0
20	Ghana	6108	1,717	2,376	2,103	1,575	2,037	3,125	4,622	3,889	3,378	3,859	3,259	2,855	2,506	2,200	2,137	1,264	0	0
21	Guinea	0	0	0	0	0	0	0	0	0	0	0	0	0	0	1,067	0	0	1,174	1,267
22	Guinea-Bissau	0	0	0	1,137	0	0	0	0	0	0	0	0	0	0	0	0	0	0	0
23	Kenya	48767	48,286	47,697	51,842	25,403	44,328	40,079	0	0	0	26,017	0	0	0	0	15,061	0	0	0
24	Liberia	0	0	0	0	0	0	0	0	0	1,706	1,422	0	1,725	1,191	2,288	1,379	1,259	0	0
25	Madagascar	0	0	0	0	0	0	0	0	0	0	0	0	0	0	0	0	0	0	0
26	Malawi	0	3,355	5,775	4,767	3,457	5,070	6,464	7,486	8,048	8,915	8,206	6,674	5,516	3,723	4,490	3,799	4,000	3,613	2,967
27	Mali	0	0	0	1,309	1,012	1,285	1,914	1,782	1,227	2,331	3,006	2,128	1,894	1,680	2,309	1,544	1,344	1,050	1,001
28	Mauritania	0	0	0	0	0	0	0	0	0	0	0	0	0	0	0	0	0	0	0
29	Mayotte	0	0	0	0	0	0	0	0	0	0	0	0	0	0	0	0	0	0	0
30	Mozambique	0	0	0	0	0	0	0	5,816	4,424	3,747	3,354	3,086	2,818	2,941	3,245	2,467	1,685	1,114	0
31	Namibia	0	1,728	1,504	1,106	1,185	1,325	0	0	0	0	0	0	0	0	0	0	0	0	0
32	Niger	1244	2,366	2,769	2,248	1,333	2,060	1,150	1,358	2,461	2,159	3,929	2,802	2,825	2,209	2,691	2,778	2,226	2,316	3,576
33	Nigeria	0	4,317	4,092	5,343	6,032	6,494	6,586	10,289	8,677	7,522	4,238	3,353	7,734	7,878	6,082	0	0	0	0
34	Rwanda	0	4,275	3,167	2,679	2,362	2,581	2,486	1,772	0	0	0	0	0	0	0	0	0	0	0
35	Sao Tome and Principe	0	0	0	0	0	0	0	0	0	0	0	0	0	0	0	0	0	0	0
36	Senegal	1275	1,515	1,226	1,602	1,524	1,587	1,678	1,935	0	0	0	0	0	0	0	0	0	0	0
37	Sierra Leone	0	0	0	0	0	0	0	0	0	1,734	8,188	3,573	3,611	4,326	2,848	1,107	1,345	1,298	1,949
38	South Africa	0	0	0	0	0	0	0	0	0	0	0	0	0	0	0	0	0	0	0
39	South Sudan1	0	0	0	0	0	0	0	0	0	0	1,053	0	1,321	1,311	0	0	0	3,483	1,191
40	Togo	0	1,394	1,661	1,130	1,183	1,024	0	1,236	2,663	1,556	1,507	1,314	1,197	1,361	1,205	1,205	0	0	0
41	Uganda	0	0	0	0	0	0	4,252	7,003	2,372	6,296	8,431	5,958	6,585	7,277	5,921	6,100	5,635	5,111	3,302
42	United Republic of Tanzania	0	0	0	0	0	0	0	0	0	16,776	15,867	11,806	7,820	8,528	5,373	6,313	5,046	3,685	2,753
43	Mainland	0	0	0	14,943	19,547	18,075	20,825	12,529	12,405	16,696	15,819	11,799	7,812	8,526	5,368	6,311	5,045	3,684	2,747
44	Zanzibar	0	0	0	0	0	0	0	0	0	0	0	0	0	0	0	0	0	0	0
45	Zambia	0	9,369	9,021	9,178	8,289	7,737	6,484	6,183	3,781	3,862	4,834	4,540	3,705	3,548	3,257	2,389	1,827	1,425	1,209
46	Zimbabwe	0	0	1,844	1,044	1,809	1,916	0	0	0	0	0	0	0	0	0	0	0	0	0
47	AMERICAS	0	0																	
48	Argentina2	0	0	0	1	0	0	0	0	0	0	0	0	0	0	0	0	0	0	0
49	Belize	0	0	0	?	1	0	1	0	0	0	0	0	0	0	0	0	0	0	0
50	Bolivia (Plurinational State of)	11	0	4	1	3	0	0	0	0	0	0	0	0	0	1	0	0	0	0
51	Brazil	245	142	95	104	102	123	110	93	68	85	76	70	60	40	36	35	35	34	44
52	Colombia	124	168	162	118	126	87	77	68	54	28	42	23	24	10	17	18	36	19	9
53	Costa Rica	0	0	0	0	0	0	0	0	0	1	0	0	0	0	0	0	0	0	0
54	Dominican Republic	6	17	11	12	16	16	10	17	11	14	15	10	8	5	4	3	1	1	1
55	Ecuador	66	84	64	46	37	22	9	8	5	6	0	0	0	0	0	0	0	0	0
56	El Salvador3	0	0	0	0	0	0	0	0	0	0	0	0	0	0	0	0	0	0	0
57	French Guiana	0	3	2	5	1	2	5	5	2	1	1	2	2	3	0	0	0	0	-
58	Guatemala	0	0	0	0	2	4	2	3	0	0	0	0	0	1	1	1	0	0	0
59	Guyana	29	30	28	44	38	33	20	20	11	20	24	36	35	14	11	12	13	11	6
60	Haiti	16	70	77	109	24	29	32	28	17	7	8	5	6	10	9	15	13	12	12
61	Honduras	0	0	0	0	0	1	0	2	2	1	3	2	1	1	2	0	0	1	1
62	Mexico	0	0	0	0	0	0	0	0	0	0	0	0	0	0	0	0	0	0	0
63	Nicaragua	4	2	8	7	1	6	1	0	0	0	1	1	2	0	0	1	2	1	3
64	Panama	1	1	2	4	2	1	1	1	1	0	1	0	1	0	0	0	0	0	0
65	Paraguay2	0	0	0	0	0	0	0	0	0	0	0	0	0	0	0	0	0	0	0
66	Peru	20	25	12	9	6	4	6	2	2	2	0	1	7	4	4	5	7	10	4
67	Suriname	24	23	15	18	7	1	1	1	0	0	1	1	0	1	1	0	0	1	0
68	Venezuela (Bolivarian Republic of)	24	28	23	40	35	17	11	16	9	11	18	16	10	6	5	8	105	333	257
69	Afghanistan	0	0	0	0	0	0	?	25	46	32	22	40	36	24	32	49	47	10	1
70	Djibouti	0	0	0	0	0	?	29	1	?	0	0	0	0	17	28	23	5	-	-
71	Iran (Islamic Republic of)	4	2	2	5	1	1	1	3	3	?	0	0	0	0	0	0	0	0	0
72	Pakistan	?	?	?	?	?	52	9	24	?	?	-	4	260	244	56	34	33	113	102
73	Saudi Arabia	?	0	0	0	0	0	0	0	0	0	0	0	0	0	0	0	0	0	0
74	Somalia	?	?	8	54	79	15	58	45	49	45	6	5	10	23	14	27	13	20	31
75	Sudan	2162	2,252	2,125	2,479	1,814	1,789	1,193	1,254	1,125	1,142	1,023	612	618	685	823	868	698	1,534	3,129
76	Yemen	?	?	?	?	?	0	73	?	?	38	92	75	72	55	23	14	65	37	57
77	Armenia2	0	0	0	0	0	0	0	0	0	0	0	0	0	0	0	0	0	0	0
78	Azerbaijan3	0	0	0	0	0	0	0	0	0	0	0	0	0	0	0	0	0	0	0
79	Georgia3	0	0	0	0	0	0	0	0	0	0	0	0	0	0	0	0	0	0	0
80	Kyrgyzstan2	0	0	0	0	0	0	0	0	0	0	0	0	0	0	0	0	0	0	0
81	Tajikistan	0	0	0	0	0	0	0	0	0	0	0	0	0	0	0	0	0	0	0
82	Turkey	0	0	0	0	0	0	0	1	3	1	0	0	0	0	0	0	0	0	0
83	Turkmenistan2	0	0	0	0	0	0	0	0	0	0	0	0	0	0	0	0	0	0	0
84	Uzbekistan2	0	0	0	0	0	0	0	1	0	0	0	0	0	0	0	0	0	0	0
85	Bangladesh	484	470	598	574	505	501	508	228	154	47	37	36	11	15	45	9	17	13	7
86	Bhutan	15	14	11	14	7	5	7	2	2	4	2	1	1	0	0	0	0	0	0
87	Democratic People's Republic of Korea	?	?	?	?	?	?	?	0	0	0	0	0	0	0	0	0	0	0	0
88	India	892	1,015	973	1,006	949	963	1,708	1,311	1,055	1,144	1,018	754	519	440	562	384	331	194	96
89	Indonesia	833	?	?	?	508	88	494	?	669	900	432	388	252	385	217	157	161	47	34
90	Myanmar	2556	2,814	2,634	2,476	1,982	1,707	1,647	1,261	1,087	972	788	581	403	236	92	37	21	30	19
91	Nepal	?	1	3	5	7	10	42	3	?	8	6	2	0	0	0	0	3	0	0
92	Sri Lanka2	77	52	30	4	1	0	1	1	0	0	0	0	0	0	0	0	0	0	0
93	Thailand	625	424	361	204	230	161	113	97	101	70	80	43	37	47	38	33	27	15	8
94	Timor-Leste	?	?	?	?	65	71	68	60	33	53	58	16	6	3	1	0	0	0	0
95	Cambodia	608	476	457	492	382	296	396	241	209	279	151	94	45	12	18	10	3	1	0
96	China3	31	27	42	52	31	48	37	18	23	10	19	33	0	0	0	0	0	0	0
97	Lao People's Democratic Republic	350	242	195	187	105	77	21	14	11	5	24	17	44	28	4	2	1	2	6
98	Malaysia4	35	46	38	21	35	33	21	15	20	23	13	12	12	10	4	4	2	10	12
99	Papua New Guinea	617	562	647	537	619	725	668	559	628	604	616	523	381	307	203	163	306	273	216
100	Philippines	536	439	71	162	167	145	124	73	56	24	30	12	16	12	10	20	7	3	1
101	Republic of Korea	0	0	0	0	0	0	0	1	0	1	1	2	0	0	0	0	0	0	0
102	Solomon Islands	38	55	61	71	51	38	12	15	21	53	34	19	18	18	23	13	20	27	7
103	Vanuatu	3	4	13	14	3	5	1	5	4	2	1	1	0	0	0	0	0	0	0
104	Viet Nam	142	91	50	50	34	18	41	20	25	26	21	14	8	6	6	3	2	5	1
